120967
255228
781632
638996
686259
412498
322511
837397
723081
323782
953635
671700
100273
700804
243336
106674
652970
112472
258632
339688
611739
586068
947701
715528
271987
455121
834521
347770
742638
664798
916494
806991
995434
465914
493896
445495
402409
171594
438837
977407
909536
469120
991715
186982
468598
540153
434519
922642
883704
770335
549862
780130
443669
557262
672462
806307
852683
436592
574170
984201
319026
738941
203287
445848
499348
628321
728022
273245
674327
911586
516521
625208
631655
877934
404136
112075
691367
426910
423148
204516
481249
132683
836394
877105
696773
525141
992222
301038
146702
241443
486288
535765
785937
199657
238357
120951
310181
423778
779884
333129
439998
161456
447082
229940
546057
413685
247360
183437
771150
509314
469862
977239
605794
317377
709811
220030
293104
994919
211890
543221
424677
938135
494424
517453
274797
474824
729505
904867
612078
103976
975407
494787
167212
273245
182651
872096
695899
376821
886582
728720
736733
856174
612716
892785
399845
153808
984588
588082
636366
872586
120502
785164
830792
928794
196029
966681
275793
820572
998832
925846
196346
209678
797401
815617
813263
989320
776059
977407
305444
472117
279444
637967
711645
562167
908227
348860
302108
993559
386531
500277
620246
225582
305062
992751
858240
857669
122172
125609
789928
430951
154153
794856
243260
729418
694695
402690
838127
127609
211925
432900
260652
288901
487683
278606
496017
272399
817442
852477
120309
687920
801495
206553
283613
633808
648610
518044
658895
501247
535740
896028
170794
225146
207447
182120
995091
811568
936530
815518
932198
617158
960474
500387
920784
512498
505033
821707
461235
421807
856192
888385
246526
300222
295299
408807
950514
812707
108735
863523
827929
803410
136276
789907
348860
399470
780089
228732
805713
810882
219995
731825
114043
829348
923442
884026
554063
476733
517040
115828
749145
932050
598053
602114
230035
814952
396316
586658
113210
385112
565041
844859
385225
825727
871962
211102
516289
620299
998953
516976
874419
489705
272480
663046
689186
776277
694695
159031
955938
414113
115156
685790
834455
734473
302108
547455
661903
476006
464383
795826
865658
213820
692088
634899
601637
703573
886026
681930
773248
275548
682015
442090
220106
562129
237045
616647
104994
139776
511509
857322
542301
440571
145840
716638
901917
133740
393860
332885
358288
228314
773253
577666
845425
187617
980232
701850
720805
783005
372358
868047
456282
129057
508436
544085
524879
388337
681717
326445
881020
690684
696418
562186
504788
312972
535428
105144
818676
844072
260647
542604
715799
669454
773324
141880
173399
186982
231474
434927
958020
773342
459683
903240
655892
821771
600063
512533
621592
132727
542301
699374
794406
950033
860381
751477
950514
754806
404534
701355
452309
249900
691999
361436
658861
507219
192955
984686
653886
249286
345682
992035
477299
826714
526218
627648
295806
530657
399312
744209
681014
461528
180473
599949
473680
714744
886582
869711
329864
666570
668983
977337
798334
494805
208199
272481
227288
103687
200131
182007
663330
280603
382935
246178
737108
339971
926091
722205
115828
124748
271744
504535
845298
209886
536404
107739
144761
748095
377757
620246
431922
986580
566518
850261
267353
888385
218322
522912
665914
557993
595197
973532
633000
150318
533958
334036
501496
742018
547645
739534
621938
946810
621938
674327
843387
998542
234355
692321
957786
585345
333377
702730
781632
160204
144932
868186
383930
508475
608741
730014
852371
212212
797401
217729
585707
658070
798516
353335
664498
984217
956336
884410
566619
209670
354103
184768
810649
219955
983437
894099
117397
263233
180461
193703
203484
854568
158948
661821
317621
857564
508263
114148
639638
696002
718755
464698
404643
654937
131061
630499
519661
281714
235320
873376
606407
566009
869890
595531
854022
823519
188528
476006
503833
284557
462020
689374
434831
902806
581605
154523
203617
736134
174734
720349
476006
239975
728335
543221
803498
927455
947890
933464
852709
377799
809085
274797
498003
371778
208623
249900
640052
203484
566030
513030
322603
702239
295233
925846
211890
367915
170868
609728
249254
380071
326491
963630
523177
105896
753850
769438
369190
609728
685514
314469
536944
659930
992415
210208
103759
771450
378539
200174
843942
360003
687513
260775
624169
751477
242088
327779
408316
153709
781413
689186
348860
777409
163880
542226
192470
874908
219365
700441
114387
412498
832144
450561
615410
747811
574496
285504
809522
440708
131314
963123
685790
421056
893122
811568
141056
947542
678471
116249
202817
129271
730510
414428
770868
414510
388971
802480
265585
295968
398427
259077
653535
836394
570959
471139
981906
784527
738941
476575
141425
196702
404544
799473
423651
991703
139776
582636
462053
723081
348860
271937
666570
389039
117066
154130
560367
690350
728335
661146
987488
574304
386517
463497
127428
737569
607086
422648
795416
843119
199657
325300
337439
879885
830802
672795
753850
824667
295299
141880
791868
663699
374838
692149
436592
238877
945676
343650
716001
797546
228837
133384
211339
360086
926091
494484
780130
969657
680036
344939
898131
299614
364548
435527
672945
540487
807871
578359
734131
400054
155371
829555
578924
434091
532556
540907
545028
325757
963666
355405
312972
782856
837207
304525
800675
475715
920865
274797
304050
328978
812555
280614
543221
395893
770325
469100
574900
504998
613735
614888
976542
508676
378700
235320
254029
863329
874696
730845
252313
721068
578890
994777
222901
119384
535740
131045
570832
408671
645574
296044
401983
607717
728720
956687
530826
995434
693666
908902
704732
412498
159809
581605
963666
632021
790127
637562
880464
924495
722892
806307
405086
757336
849920
514780
573016
834636
767073
308214
131564
947264
468126
756309
305304
191791
641715
426653
789346
228649
162433
353974
962359
860021
361102
640281
412558
200131
294445
965356
479487
129946
574496
988602
396560
663494
198020
736087
767038
977724
301065
866534
821544
604189
192498
511923
351518
127072
734573
431910
665807
909347
211339
739659
829026
730124
262749
388664
557101
196953
256453
244128
176311
288988
660160
899575
211925
414143
555599
313014
568543
882830
804066
185730
577523
269883
391503
269550
727369
837967
129483
892791
430284
166175
144761
715930
299189
309898
753850
105283
748231
288422
811776
871867
634389
561481
973683
256360
770325
482303
328898
808274
600988
439416
580210
424161
943967
540867
942480
578924
390201
276425
474182
813954
915722
350993
628763
851515
797546
772487
266315
340095
165971
469100
913778
587732
641715
908227
548012
346863
940340
851604
420988
866534
657241
808228
526426
181450
593633
840355
244979
763941
764453
862527
496012
617237
808228
460929
664798
358316
483962
771164
266315
598488
236390
568453
936369
355534
230149
688036
433479
547365
782763
662935
917164
847346
869899
399156
674815
445181
815518
435246
692178
700589
339733
539560
565983
594685
650455
718755
314719
154040
686937
420988
525763
879885
951846
626962
950033
423651
850759
883194
432568
813684
711645
242088
254579
936468
237034
565041
572433
496530
372852
437713
446862
902189
741869
201008
399533
615588
454246
505238
288438
700897
379574
497713
280172
545292
337439
405528
478407
786451
480617
385831
547555
145448
805327
905493
566123
522827
503279
200071
338047
442549
862922
984743
730412
881073
459194
148957
737108
323820
120004
228861
565244
319367
612764
613890
605858
108744
141056
614489
652204
475603
628763
460771
330658
410105
694695
575589
373975
808274
823484
988154
724862
986698
586979
221578
858944
923813
153623
463468
984743
837056
698453
154016
370880
789346
231289
352213
127448
674866
228861
295806
462053
639126
903525
193404
900525
889548
159031
334485
780998
192932
681930
616647
682692
682403
670749
648514
386357
804399
705209
349451
564782
557021
690076
904996
399252
288244
312972
130092
227497
954593
225550
599321
370918
865481
542226
984588
352118
542460
500691
738344
614888
749093
196593
162433
563219
790184
285842
489012
262749
296585
797546
235595
960956
293920
748219
565244
842760
529603
523638
246522
504990
659634
376381
178234
175667
967526
456638
379156
245744
641794
657241
923813
537476
483308
780274
377090
708403
375429
164385
242758
760750
894398
794690
615410
782856
592539
477716
503822
849483
579755
569674
496616
502591
805713
198766
399252
583999
236434
241383
151301
872586
705485
309455
812707
281716
949111
129483
518078
281608
132685
381556
112472
288244
790184
765050
349451
395504
600063
439416
400838
257228
367739
369208
844246
763948
153959
824380
919766
686259
171684
196953
621333
894398
851518
989751
479086
413656
452536
757876
393860
435508
140602
272399
223042
670896
674061
262749
562612
346505
736831
784876
369446
522103
132143
972007
196510
477294
364548
246363
225550
180966
119384
516976
743972
423918
452536
170794
348828
452430
402690
771206
129872
844332
190418
487423
333625
960861
538351
288738
764884
699205
790561
128217
666685
691559
730014
620299
512533
586658
519896
615588
111382
777988
540146
730010
309455
604605
253216
223899
197994
987488
975958
869890
200472
129923
586059
890338
576327
361102
310082
887935
261419
268716
954440
936369
152282
204622
139368
501113
473472
142597
618157
945896
498182
382492
301044
184408
521973
366283
795605
155551
269394
999966
518474
607207
498182
694754
382425
960014
280614
630834
528344
851604
135866
970690
522467
254579
585979
928342
198020
532556
388994
375143
847346
273862
122308
784897
602925
629030
312499
735661
562979
433154
659879
787062
355514
125421
911193
984588
412558
373979
313705
180038
142642
171276
147605
682692
944753
748095
127428
922659
420249
296686
837375
555328
776175
523177
378618
201110
591898
737611
757195
331879
555454
171684
612065
247360
629143
613371
798910
811107
815483
144427
304050
820978
753566
446223
995737
266205
509330
834289
856097
976201
133954
562106
200922
882146
614995
715528
870150
946028
517168
183437
487015
279277
642697
213544
746358
874510
574496
711645
630809
618590
749121
607983
748219
983239
226031
252582
196872
129872
526426
580058
558327
852397
454575
574102
760583
532298
723039
830402
716731
225146
933281
546554
306639
622571
942089
733293
274790
639126
812581
708507
847247
620751
440399
593305
944384
947763
770868
784527
120309
681014
231474
884972
583093
343650
254830
352472
508263
427866
896636
616938
888033
742351
539255
685181
148097
243260
461033
165587
292231
728911
882834
220030
629010
238384
903126
853350
693977
175972
483308
185872
798736
566123
856192
509395
379156
561965
272399
777344
968078
831184
898956
399470
353596
708692
780439
300838
245176
267397
207770
210118
326299
301740
400106
705623
631347
711925
422615
503822
221641
787801
265940
138625
770335
685583
507369
149766
164866
385225
272531
699530
586658
233616
480617
753113
764454
480125
650776
966508
696773
204752
192583
248234
762304
275709
310325
796384
918198
334559
554765
898719
140420
846115
256360
530909
869711
708198
970345
618347
848787
307002
699180
755000
219511
932037
516621
304798
931084
675459
959511
883704
525763
992751
805754
508676
213544
595189
322511
329149
802349
588182
133156
753113
275709
934262
178379
806491
906376
452536
809552
654810
378618
501115
437801
858944
888033
777796
557976
143841
273245
972007
219955
496616
112766
424689
561285
392631
239857
658895
179589
368450
399533
158480
733255
514072
246178
719378
143694
494220
192769
669193
538351
958309
290987
404362
671802
169801
304505
947914
938690
617158
751774
384479
149611
384322
665499
114193
671302
693828
233093
750722
375143
728911
921728
516521
691993
163137
642445
566240
294920
907795
996023
456638
192900
552304
583889
219114
161456
699510
159031
830820
209678
406237
369232
360003
273041
402637
774476
823876
516429
367739
129946
415022
900804
233354
132693
977871
198441
521027
495023
470581
559679
550556
425262
732489
535428
211925
904996
173785
293004
210078
341681
132685
871933
806755
772487
455897
582825
804399
249900
786877
276413
139933
584535
676232
795347
197104
983239
781782
551605
760669
246541
506630
145855
692265
401862
272531
154016
648514
581605
985193
850898
672923
960324
243336
755053
850261
923442
850877
746740
281191
899088
822174
758767
696318
670702
161716
964701
308785
335226
617795
664930
665936
810902
749145
854056
606407
851604
718755
858944
753532
500277
904843
320753
991703
131296
485165
791868
546540
918879
803616
163546
664930
970345
799473
992503
930554
598488
702239
410805
916782
235596
413027
275258
289021
481900
881291
477620
825246
578241
464383
836968
299189
901792
843070
206553
114043
172767
295299
220720
642547
299614
547455
836717
324459
271699
717127
209886
306639
775679
546958
813954
992035
159807
461528
202438
794690
278060
772065
143862
381828
908157
774476
281603
876992
934992
244265
364264
233630
346863
726345
829651
461623
453780
733578
991715
899829
312499
253687
742858
133099
693334
190764
107158
154523
731760
298589
621592
274790
388266
274151
342069
654641
830792
834659
889144
260652
525141
679239
248234
394149
790789
476023
494220
534375
645291
753173
378618
574815
366709
252047
852502
827543
540109
290348
499920
396316
531412
307676
706963
153959
390975
671190
515768
985150
926203
872586
771751
535659
563219
733293
420812
546540
597010
237388
226310
655948
964266
723709
509035
656611
545532
447244
566809
795826
401983
217443
674489
645574
509395
753634
602713
391380
764868
706037
874649
876984
708198
976152
757578
619615
550556
259429
230971
770049
512533
693828
286082
201025
941299
336008
492885
100395
822426
636680
372459
402583
483460
595766
323227
404136
559999
404534
458723
382425
996784
305171
295300
501561
669707
316405
527027
616647
966756
445354
907137
380169
957128
851124
710541
826714
814509
879885
543482
738400
248568
798175
629030
261213
358316
907853
915722
926280
423651
624175
862922
795706
322603
770049
222377
601080
852322
146702
402548
114736
486152
196928
785108
810746
646250
196346
421816
817916
804091
432633
221847
822713
836442
433708
921728
495023
908227
196755
577993
346245
235970
138103
246422
548737
372642
857729
946917
197104
501496
610456
812334
716213
920965
904996
524828
962651
408807
824702
478407
302360
516976
781413
148527
765100
444150
893661
288738
496268
791585
930538
915373
599321
845061
885122
718769
246892
272595
138625
436497
327514
413027
338355
988602
944857
809552
121353
312732
424676
121353
540487
639854
621699
475112
382194
900643
748231
863329
654400
716731
421068
910314
132143
662621
255520
687877
145840
552042
831184
694695
514031
318041
998832
135866
410105
465914
525177
434831
449299
434262
242036
864137
450583
373487
389039
550312
124820
379734
218322
783772
244058
959216
207526
120951
358034
862054
204316
817563
712745
132558
190418
969662
139435
868322
685514
700589
152781
656784
829026
654641
903387
996023
629776
402915
449925
122308
855067
346863
425262
851518
839270
196697
699727
356273
353335
967474
494424
547353
156410
855280
949563
970345
170794
766946
114736
547251
547387
952812
296686
228649
198671
168319
906926
655385
213002
670702
995921
559999
934262
412816
414113
683823
587659
923442
794719
245326
428590
711181
700804
464558
722323
247360
736134
694375
544085
710889
249286
937708
596198
969253
651375
851491
228861
746586
862811
309499
329516
300222
669476
374772
584297
528133
572956
211269
573741
926187
877505
962359
532944
312923
466764
489114
209886
340921
692178
262718
773027
541060
382954
766912
256811
852709
885275
118453
307057
920784
824973
757578
918249
581555
293650
373975
811013
731493
400384
388288
773248
132143
557021
476447
960324
503279
966903
976098
343656
986528
417368
725411
210635
391905
664634
860805
710098
240800
858771
723711
333086
447923
821801
107191
432633
945619
707652
569413
501247
350807
881481
479423
813257
215738
586979
484207
811568
519154
445985
201025
952812
904168
855280
591742
330380
128777
464558
821544
978862
257285
948002
126074
153860
132558
523177
197273
859232
612065
283613
554658
532520
418003
653452
234468
362772
630809
539560
132988
146887
202817
814355
827445
618590
487683
518506
164723
753905
968623
907853
167747
485581
826188
512292
423712
207343
312854
461280
441206
558011
860744
468896
696418
864447
945275
242703
449925
122308
417681
942480
477620
240164
540153
587008
804886
991966
699180
438455
690072
924495
896296
366525
655948
132693
137231
617795
207372
966681
162066
222514
784470
413630
983310
733430
376821
790561
573316
603380
986403
635810
601022
710541
488937
390237
340538
708801
457004
631347
402915
121056
604605
952216
696494
569674
346863
105006
430806
801015
655174
323346
657431
375469
176855
734814
314023
335335
266205
215837
807855
650478
915373
740222
552304
245744
516289
402583
494484
802367
748231
829651
659038
211102
543210
679175
845422
455121
330527
182120
977239
951643
463468
341568
494220
727656
238877
839270
295790
123893
676261
301038
816880
843579
625242
239758
887772
246522
956192
725411
124820
825245
663724
322511
814085
499348
467592
130168
595385
846989
456589
677552
658861
716731
378189
629655
781337
516667
492744
980227
100320
593234
853122
171488
233630
545713
959555
143808
722696
248616
936369
323782
666685
131045
876064
449194
730845
266779
339848
685729
479455
589003
103687
474456
671420
821771
658861
669981
136504
418539
965356
541621
779134
799720
601637
584535
596402
547387
711645
501252
568163
936079
395026
202829
487588
541644
266205
966771
196510
918241
500277
333116
656784
852371
932975
419756
506307
579617
333116
132988
386435
555838
399533
969549
468308
814355
504268
871276
793614
525597
562612
300317
253222
858240
951035
942179
422461
824380
754932
367098
855176
604189
639765
470357
857669
957434
336802
557993
174966
877548
540146
831184
725010
233630
694796
253222
872870
340538
870282
796150
733856
581997
410312
908074
827444
606530
740858
631955
699374
530805
133740
770449
241211
783991
943944
957434
157981
973683
755822
565189
180966
242949
455831
794025
242806
898200
593118
654810
602725
994796
519001
367807
964662
854056
458382
128777
800402
330658
170868
846426
773979
298589
280172
386435
481006
704536
701850
872870
452021
335699
458723
363271
587008
248290
447083
108817
459649
892676
207343
445495
219555
945779
265940
335415
166835
476447
380042
842446
821490
509395
272444
643255
261419
435508
485258
438078
441354
928794
308626
629010
855176
576738
485581
708507
833012
363507
753728
845753
633897
155551
456009
731290
759680
793614
614365
341681
675459
178746
368408
434262
764884
901891
999174
831212
823333
605858
392081
176387
972007
289660
559679
990321
213067
882070
598053
108356
655174
791943
551245
418539
107483
696463
189749
711740
491799
811776
765922
144427
221906
719452
648610
501247
246605
241211
200990
682015
909264
779206
828023
513438
994777
856977
432900
275548
337414
286705
999572
976124
791460
663494
434091
981108
715691
723747
481900
536025
385225
836394
329864
814085
790468
253328
471139
966508
724862
440571
167534
210118
233102
746189
376144
891026
107739
228996
391698
527825
574304
285256
570420
480106
862527
879513
408671
770225
430974
950906
524828
192609
215068
196755
658800
618347
898873
890338
191791
336802
612716
989446
342190
903387
412364
811107
808363
773665
910366
593975
167153
211269
763726
345537
219995
729545
716371
164507
154814
488022
333925
749121
397297
754080
705886
914981
720353
534375
101632
269883
139933
124754
442185
239056
189552
783720
648982
899483
657088
222855
107355
812334
994796
715651
388288
478576
821986
766912
950186
690684
285685
670518
388994
422184
998634
264058
602114
704536
758074
733925
208689
292400
846989
420770
922642
151255
672945
868972
803616
498877
192498
856460
587659
502042
793281
725411
936274
365666
302393
728587
850877
518831
423124
400054
232003
694375
496616
582784
211890
355124
705485
127546
120438
663046
571374
455441
473525
869899
148768
572433
501128
281714
186539
218169
230602
733578
897089
670340
550824
504390
399156
488132
321460
436347
107760
127428
913778
736831
640259
141880
323528
982666
284557
244033
463265
353335
905135
207372
345130
897441
308626
749093
795416
843070
161759
420770
291909
401551
715260
783724
212124
902806
475112
822713
833012
269607
388258
517168
605722
947890
240756
579617
501085
442417
981108
377799
700463
480602
829224
570082
587260
196872
363507
504316
953577
996965
678161
973683
960014
464558
690428
864137
881794
285243
218628
829555
946917
350993
863307
822533
791517
786451
753728
388994
449925
907061
445354
238930
300317
925846
341681
503822
309455
476023
821795
195096
837397
666570
589268
527327
517215
594412
592341
701203
983063
390194
969682
925052
404643
854388
349881
226043
680036
964266
968150
599066
797885
900528
580058
447923
665751
966508
199298
935145
198766
821801
356659
878867
718788
946028
669193
178175
709693
591476
912535
255520
382789
659930
399885
764715
880145
414315
387978
800402
343650
891026
202438
181450
971374
938690
699180
523317
460136
377206
489861
333690
539560
373487
524828
233341
941812
685729
269883
787062
336659
912385
435527
582825
602925
438837
478576
799524
800402
837046
337002
921538
797668
906376
963951
654641
419196
602639
724862
947034
682390
676668
993530
455897
836657
643443
546554
968552
367098
311021
713710
428011
770049
538518
452021
131663
794690
311418
486288
557976
302076
406703
116916
604189
167153
910231
236902
533283
892553
705623
319105
651587
798334
301590
972919
529803
127428
319769
377757
594983
404643
473530
687345
281714
629776
771594
561544
469331
740222
387362
989751
153836
882070
821835
203484
547365
286661
620364
719378
192662
413872
102474
541060
146702
738941
493547
182007
757876
152818
922642
190057
313014
469862
533088
791460
129872
870655
568163
606963
892785
749414
404362
145448
870282
999966
256360
845061
500722
835685
898873
725267
664983
294502
490081
946810
376381
612078
682015
755164
808896
894099
307757
314063
787062
417008
920784
863434
127546
709693
174458
599249
583473
133156
610358
959971
558011
423918
994777
796384
617592
269546
575840
676232
330647
869955
847346
886083
541621
728587
542398
920452
591939
493657
246526
494719
773027
171684
746862
630733
851665
132143
803410
293141
532298
501115
444705
112668
904942
932975
493449
423487
317280
412558
281714
409693
295968
527027
753113
241211
943249
418284
212124
366709
195816
267353
983211
488937
922829
775679
112305
938200
329650
397297
596198
936930
452238
898131
614365
424161
829513
188501
692321
983310
264578
591058
461280
810746
874908
566518
690506
703573
845298
994607
899273
954440
850097
109272
723081
455831
852371
617237
412394
303625
699818
640281
764770
952216
551593
523177
929024
536180
290126
860593
976152
221847
947763
347976
546432
589558
812334
771206
353524
236390
670160
170868
826310
886543
319026
621463
751694
833410
598488
486288
131564
694834
173785
841414
260670
892676
943967
903240
333690
701355
437871
858944
877548
895734
722578
670160
328898
517627
450585
305062
231587
537476
585707
234468
196029
901856
804222
501115
407178
898318
855637
192900
130053
864699
208781
780274
269394
312072
822713
773248
944839
942179
188906
551512
480081
937724
908810
497715
331985
240164
630834
622571
126665
201025
474601
245744
504998
340513
716731
909643
829309
461744
179188
937708
290904
133954
202829
497715
606530
517215
486288
132818
194274
689374
565041
133099
647072
604605
852209
878459
175667
593118
200131
440988
841658
253216
910485
240685
822426
311021
510182
506307
207447
650478
897441
695994
323878
120438
360684
435220
266205
672718
828849
494502
696494
186539
117066
715884
942001
837056
133954
674061
805754
660117
146887
568453
753589
839270
214396
259133
219400
227497
457866
143190
239857
305171
371371
648665
503833
970492
898318
566030
384391
553834
435527
271898
843387
244033
487588
207178
739019
540487
117066
958020
908699
